Coefficients: [9349.78690751]
Intercept: 26179.685710729536
